run:
        2         
  2     8     5   
  9   5   1   7   
  6   4   8   3   
  1   2   3     8 
3     1   6     5 
8     7   9     3 
1       6       7 
        4         
Starting 1
Starting 2
Running 1
run robot ke-1
4       2         
  2     8     5   
  9   5   1   7   
  6   4   8   3   
  1   2   3     8 
3     1   6     5 
8     7   9     3 
1       6       7 
        4         
Running 2
run robot ke-2
run robot ke-1
4 3     2         
  2     8     5   
  9   5   1   7   
  6   4   8   3   
  1   2   3     8 
3     1   6     5 
8     7   9     3 
1       6       7 
        4         
run robot ke-2
run robot ke-1
4 3 1   2         
  2     8     5   
  9   5   1   7   
  6   4   8   3   
  1   2   3     8 
3     1   6     5 
8     7   9     3 
1       6       7 
        4         
run robot ke-2
run robot ke-1
4 3 1 6 2         
  2     8     5   
  9   5   1   7   
  6   4   8   3   
  1   2   3     8 
3     1   6     5 
8     7   9     3 
1       6       7 
        4         
run robot ke-2
run robot ke-1
4 3 1 6 2 7       
  2     8     5   
  9   5   1   7   
  6   4   8   3   
  1   2   3     8 
3     1   6     5 
8     7   9     3 
1       6       7 
        4         
run robot ke-2
run robot ke-1
4 3 1 6 2 7 8     
  2     8     5   
  9   5   1   7   
  6   4   8   3   
  1   2   3     8 
3     1   6     5 
8     7   9     3 
1       6       7 
        4         
run robot ke-2
run robot ke-1
4 3 1 6 2 7 8 9   
  2     8     5   
  9   5   1   7   
  6   4   8   3   
  1   2   3     8 
3     1   6     5 
8     7   9     3 
1       6       7 
        4         
run robot ke-2
run robot ke-1
run robot ke-2
4 3 1 6 2 7 8     
  2     8     5   
  9   5   1   7   
  6   4   8   3   
  1   2   3     8 
3     1   6     5 
8     7   9     3 
1       6       7 
        4         
run robot ke-1
run robot ke-2
4 3 1 6 2 7       
  2     8     5   
  9   5   1   7   
  6   4   8   3   
  1   2   3     8 
3     1   6     5 
8     7   9     3 
1       6       7 
        4         
run robot ke-1
4 3 1 6 2 7 9     
  2     8     5   
  9   5   1   7   
  6   4   8   3   
  1   2   3     8 
3     1   6     5 
8     7   9     3 
1       6       7 
        4         
run robot ke-2
run robot ke-1
4 3 1 6 2 7 9 8   
  2     8     5   
  9   5   1   7   
  6   4   8   3   
  1   2   3     8 
3     1   6     5 
8     7   9     3 
1       6       7 
        4         
run robot ke-2
run robot ke-1
run robot ke-2
4 3 1 6 2 7 9     
  2     8     5   
  9   5   1   7   
  6   4   8   3   
  1   2   3     8 
3     1   6     5 
8     7   9     3 
1       6       7 
        4         
run robot ke-1
run robot ke-2
4 3 1 6 2 7       
  2     8     5   
  9   5   1   7   
  6   4   8   3   
  1   2   3     8 
3     1   6     5 
8     7   9     3 
1       6       7 
        4         
run robot ke-1
run robot ke-2
4 3 1 6 2         
  2     8     5   
  9   5   1   7   
  6   4   8   3   
  1   2   3     8 
3     1   6     5 
8     7   9     3 
1       6       7 
        4         
run robot ke-1
run robot ke-2
4 3 1   2         
  2     8     5   
  9   5   1   7   
  6   4   8   3   
  1   2   3     8 
3     1   6     5 
8     7   9     3 
1       6       7 
        4         
run robot ke-1
4 3 1 9 2         
  2     8     5   
  9   5   1   7   
  6   4   8   3   
  1   2   3     8 
3     1   6     5 
8     7   9     3 
1       6       7 
        4         
run robot ke-2
run robot ke-1
4 3 1 9 2 7       
  2     8     5   
  9   5   1   7   
  6   4   8   3   
  1   2   3     8 
3     1   6     5 
8     7   9     3 
1       6       7 
        4         
run robot ke-2
run robot ke-1
4 3 1 9 2 7 6     
  2     8     5   
  9   5   1   7   
  6   4   8   3   
  1   2   3     8 
3     1   6     5 
8     7   9     3 
1       6       7 
        4         
run robot ke-2
run robot ke-1
4 3 1 9 2 7 6 8   
  2     8     5   
  9   5   1   7   
  6   4   8   3   
  1   2   3     8 
3     1   6     5 
8     7   9     3 
1       6       7 
        4         
run robot ke-2
run robot ke-1
run robot ke-2
4 3 1 9 2 7 6     
  2     8     5   
  9   5   1   7   
  6   4   8   3   
  1   2   3     8 
3     1   6     5 
8     7   9     3 
1       6       7 
        4         
run robot ke-1
run robot ke-2
4 3 1 9 2 7       
  2     8     5   
  9   5   1   7   
  6   4   8   3   
  1   2   3     8 
3     1   6     5 
8     7   9     3 
1       6       7 
        4         
run robot ke-1
4 3 1 9 2 7 8     
  2     8     5   
  9   5   1   7   
  6   4   8   3   
  1   2   3     8 
3     1   6     5 
8     7   9     3 
1       6       7 
        4         
run robot ke-2
run robot ke-1
4 3 1 9 2 7 8 6   
  2     8     5   
  9   5   1   7   
  6   4   8   3   
  1   2   3     8 
3     1   6     5 
8     7   9     3 
1       6       7 
        4         
run robot ke-2
run robot ke-1
run robot ke-2
4 3 1 9 2 7 8     
  2     8     5   
  9   5   1   7   
  6   4   8   3   
  1   2   3     8 
3     1   6     5 
8     7   9     3 
1       6       7 
        4         
run robot ke-1
run robot ke-2
4 3 1 9 2 7       
  2     8     5   
  9   5   1   7   
  6   4   8   3   
  1   2   3     8 
3     1   6     5 
8     7   9     3 
1       6       7 
        4         
run robot ke-1
run robot ke-2
4 3 1 9 2         
  2     8     5   
  9   5   1   7   
  6   4   8   3   
  1   2   3     8 
3     1   6     5 
8     7   9     3 
1       6       7 
        4         
run robot ke-1
run robot ke-2
4 3 1   2         
  2     8     5   
  9   5   1   7   
  6   4   8   3   
  1   2   3     8 
3     1   6     5 
8     7   9     3 
1       6       7 
        4         
run robot ke-1
run robot ke-2
4 3     2         
  2     8     5   
  9   5   1   7   
  6   4   8   3   
  1   2   3     8 
3     1   6     5 
8     7   9     3 
1       6       7 
        4         
run robot ke-1
4 3 5   2         
  2     8     5   
  9   5   1   7   
  6   4   8   3   
  1   2   3     8 
3     1   6     5 
8     7   9     3 
1       6       7 
        4         
run robot ke-2
run robot ke-1
4 3 5 6 2         
  2     8     5   
  9   5   1   7   
  6   4   8   3   
  1   2   3     8 
3     1   6     5 
8     7   9     3 
1       6       7 
        4         
run robot ke-2
run robot ke-1
4 3 5 6 2 7       
  2     8     5   
  9   5   1   7   
  6   4   8   3   
  1   2   3     8 
3     1   6     5 
8     7   9     3 
1       6       7 
        4         
run robot ke-2
run robot ke-1
4 3 5 6 2 7 1     
  2     8     5   
  9   5   1   7   
  6   4   8   3   
  1   2   3     8 
3     1   6     5 
8     7   9     3 
1       6       7 
        4         
run robot ke-2
run robot ke-1
4 3 5 6 2 7 1 8   
  2     8     5   
  9   5   1   7   
  6   4   8   3   
  1   2   3     8 
3     1   6     5 
8     7   9     3 
1       6       7 
        4         
run robot ke-2
run robot ke-1
4 3 5 6 2 7 1 8 9 
  2     8     5   
  9   5   1   7   
  6   4   8   3   
  1   2   3     8 
3     1   6     5 
8     7   9     3 
1       6       7 
        4         
run robot ke-2
run robot ke-1
4 3 5 6 2 7 1 8 9 
6 2     8     5   
  9   5   1   7   
  6   4   8   3   
  1   2   3     8 
3     1   6     5 
8     7   9     3 
1       6       7 
        4         
run robot ke-2
run robot ke-1
4 3 5 6 2 7 1 8 9 
6 2 1   8     5   
  9   5   1   7   
  6   4   8   3   
  1   2   3     8 
3     1   6     5 
8     7   9     3 
1       6       7 
        4         
run robot ke-2
run robot ke-1
4 3 5 6 2 7 1 8 9 
6 2 1 3 8     5   
  9   5   1   7   
  6   4   8   3   
  1   2   3     8 
3     1   6     5 
8     7   9     3 
1       6       7 
        4         
run robot ke-2
run robot ke-1
4 3 5 6 2 7 1 8 9 
6 2 1 3 8 4   5   
  9   5   1   7   
  6   4   8   3   
  1   2   3     8 
3     1   6     5 
8     7   9     3 
1       6       7 
        4         
run robot ke-2
run robot ke-1
run robot ke-2
4 3 5 6 2 7 1 8 9 
6 2 1 3 8     5   
  9   5   1   7   
  6   4   8   3   
  1   2   3     8 
3     1   6     5 
8     7   9     3 
1       6       7 
        4         
run robot ke-1
run robot ke-2
4 3 5 6 2 7 1 8 9 
6 2 1   8     5   
  9   5   1   7   
  6   4   8   3   
  1   2   3     8 
3     1   6     5 
8     7   9     3 
1       6       7 
        4         
run robot ke-1
4 3 5 6 2 7 1 8 9 
6 2 1 9 8     5   
  9   5   1   7   
  6   4   8   3   
  1   2   3     8 
3     1   6     5 
8     7   9     3 
1       6       7 
        4         
run robot ke-2
run robot ke-1
4 3 5 6 2 7 1 8 9 
6 2 1 9 8 4   5   
  9   5   1   7   
  6   4   8   3   
  1   2   3     8 
3     1   6     5 
8     7   9     3 
1       6       7 
        4         
run robot ke-2
run robot ke-1
4 3 5 6 2 7 1 8 9 
6 2 1 9 8 4 3 5   
  9   5   1   7   
  6   4   8   3   
  1   2   3     8 
3     1   6     5 
8     7   9     3 
1       6       7 
        4         
run robot ke-2
run robot ke-1
run robot ke-2
4 3 5 6 2 7 1 8 9 
6 2 1 9 8 4   5   
  9   5   1   7   
  6   4   8   3   
  1   2   3     8 
3     1   6     5 
8     7   9     3 
1       6       7 
        4         
run robot ke-1
run robot ke-2
4 3 5 6 2 7 1 8 9 
6 2 1 9 8     5   
  9   5   1   7   
  6   4   8   3   
  1   2   3     8 
3     1   6     5 
8     7   9     3 
1       6       7 
        4         
run robot ke-1
run robot ke-2
4 3 5 6 2 7 1 8 9 
6 2 1   8     5   
  9   5   1   7   
  6   4   8   3   
  1   2   3     8 
3     1   6     5 
8     7   9     3 
1       6       7 
        4         
run robot ke-1
run robot ke-2
4 3 5 6 2 7 1 8 9 
6 2     8     5   
  9   5   1   7   
  6   4   8   3   
  1   2   3     8 
3     1   6     5 
8     7   9     3 
1       6       7 
        4         
run robot ke-1
4 3 5 6 2 7 1 8 9 
6 2 7   8     5   
  9   5   1   7   
  6   4   8   3   
  1   2   3     8 
3     1   6     5 
8     7   9     3 
1       6       7 
        4         
run robot ke-2
run robot ke-1
4 3 5 6 2 7 1 8 9 
6 2 7 3 8     5   
  9   5   1   7   
  6   4   8   3   
  1   2   3     8 
3     1   6     5 
8     7   9     3 
1       6       7 
        4         
run robot ke-2
run robot ke-1
4 3 5 6 2 7 1 8 9 
6 2 7 3 8 4   5   
  9   5   1   7   
  6   4   8   3   
  1   2   3     8 
3     1   6     5 
8     7   9     3 
1       6       7 
        4         
run robot ke-2
run robot ke-1
run robot ke-2
4 3 5 6 2 7 1 8 9 
6 2 7 3 8     5   
  9   5   1   7   
  6   4   8   3   
  1   2   3     8 
3     1   6     5 
8     7   9     3 
1       6       7 
        4         
run robot ke-1
run robot ke-2
4 3 5 6 2 7 1 8 9 
6 2 7   8     5   
  9   5   1   7   
  6   4   8   3   
  1   2   3     8 
3     1   6     5 
8     7   9     3 
1       6       7 
        4         
run robot ke-1
4 3 5 6 2 7 1 8 9 
6 2 7 9 8     5   
  9   5   1   7   
  6   4   8   3   
  1   2   3     8 
3     1   6     5 
8     7   9     3 
1       6       7 
        4         
run robot ke-2
run robot ke-1
4 3 5 6 2 7 1 8 9 
6 2 7 9 8 4   5   
  9   5   1   7   
  6   4   8   3   
  1   2   3     8 
3     1   6     5 
8     7   9     3 
1       6       7 
        4         
run robot ke-2
run robot ke-1
4 3 5 6 2 7 1 8 9 
6 2 7 9 8 4 3 5   
  9   5   1   7   
  6   4   8   3   
  1   2   3     8 
3     1   6     5 
8     7   9     3 
1       6       7 
        4         
run robot ke-2
run robot ke-1
run robot ke-2
4 3 5 6 2 7 1 8 9 
6 2 7 9 8 4   5   
  9   5   1   7   
  6   4   8   3   
  1   2   3     8 
3     1   6     5 
8     7   9     3 
1       6       7 
        4         
run robot ke-1
run robot ke-2
4 3 5 6 2 7 1 8 9 
6 2 7 9 8     5   
  9   5   1   7   
  6   4   8   3   
  1   2   3     8 
3     1   6     5 
8     7   9     3 
1       6       7 
        4         
run robot ke-1
run robot ke-2
4 3 5 6 2 7 1 8 9 
6 2 7   8     5   
  9   5   1   7   
  6   4   8   3   
  1   2   3     8 
3     1   6     5 
8     7   9     3 
1       6       7 
        4         
run robot ke-1
run robot ke-2
4 3 5 6 2 7 1 8 9 
6 2     8     5   
  9   5   1   7   
  6   4   8   3   
  1   2   3     8 
3     1   6     5 
8     7   9     3 
1       6       7 
        4         
run robot ke-1
run robot ke-2
4 3 5 6 2 7 1 8 9 
  2     8     5   
  9   5   1   7   
  6   4   8   3   
  1   2   3     8 
3     1   6     5 
8     7   9     3 
1       6       7 
        4         
run robot ke-1
4 3 5 6 2 7 1 8 9 
7 2     8     5   
  9   5   1   7   
  6   4   8   3   
  1   2   3     8 
3     1   6     5 
8     7   9     3 
1       6       7 
        4         
run robot ke-2
run robot ke-1
4 3 5 6 2 7 1 8 9 
7 2 1   8     5   
  9   5   1   7   
  6   4   8   3   
  1   2   3     8 
3     1   6     5 
8     7   9     3 
1       6       7 
        4         
run robot ke-2
run robot ke-1
4 3 5 6 2 7 1 8 9 
7 2 1 3 8     5   
  9   5   1   7   
  6   4   8   3   
  1   2   3     8 
3     1   6     5 
8     7   9     3 
1       6       7 
        4         
run robot ke-2
run robot ke-1
4 3 5 6 2 7 1 8 9 
7 2 1 3 8 4   5   
  9   5   1   7   
  6   4   8   3   
  1   2   3     8 
3     1   6     5 
8     7   9     3 
1       6       7 
        4         
run robot ke-2
run robot ke-1
4 3 5 6 2 7 1 8 9 
7 2 1 3 8 4 6 5   
  9   5   1   7   
  6   4   8   3   
  1   2   3     8 
3     1   6     5 
8     7   9     3 
1       6       7 
        4         
run robot ke-2
run robot ke-1
run robot ke-2
4 3 5 6 2 7 1 8 9 
7 2 1 3 8 4   5   
  9   5   1   7   
  6   4   8   3   
  1   2   3     8 
3     1   6     5 
8     7   9     3 
1       6       7 
        4         
run robot ke-1
run robot ke-2
4 3 5 6 2 7 1 8 9 
7 2 1 3 8     5   
  9   5   1   7   
  6   4   8   3   
  1   2   3     8 
3     1   6     5 
8     7   9     3 
1       6       7 
        4         
run robot ke-1
run robot ke-2
4 3 5 6 2 7 1 8 9 
7 2 1   8     5   
  9   5   1   7   
  6   4   8   3   
  1   2   3     8 
3     1   6     5 
8     7   9     3 
1       6       7 
        4         
run robot ke-1
4 3 5 6 2 7 1 8 9 
7 2 1 9 8     5   
  9   5   1   7   
  6   4   8   3   
  1   2   3     8 
3     1   6     5 
8     7   9     3 
1       6       7 
        4         
run robot ke-2
run robot ke-1
4 3 5 6 2 7 1 8 9 
7 2 1 9 8 4   5   
  9   5   1   7   
  6   4   8   3   
  1   2   3     8 
3     1   6     5 
8     7   9     3 
1       6       7 
        4         
run robot ke-2
run robot ke-1
4 3 5 6 2 7 1 8 9 
7 2 1 9 8 4 3 5   
  9   5   1   7   
  6   4   8   3   
  1   2   3     8 
3     1   6     5 
8     7   9     3 
1       6       7 
        4         
run robot ke-2
run robot ke-1
4 3 5 6 2 7 1 8 9 
7 2 1 9 8 4 3 5 6 
  9   5   1   7   
  6   4   8   3   
  1   2   3     8 
3     1   6     5 
8     7   9     3 
1       6       7 
        4         
run robot ke-2
run robot ke-1
4 3 5 6 2 7 1 8 9 
7 2 1 9 8 4 3 5 6 
6 9   5   1   7   
  6   4   8   3   
  1   2   3     8 
3     1   6     5 
8     7   9     3 
1       6       7 
        4         
run robot ke-2
run robot ke-1
4 3 5 6 2 7 1 8 9 
7 2 1 9 8 4 3 5 6 
6 9 8 5   1   7   
  6   4   8   3   
  1   2   3     8 
3     1   6     5 
8     7   9     3 
1       6       7 
        4         
run robot ke-2
run robot ke-1
4 3 5 6 2 7 1 8 9 
7 2 1 9 8 4 3 5 6 
6 9 8 5 3 1   7   
  6   4   8   3   
  1   2   3     8 
3     1   6     5 
8     7   9     3 
1       6       7 
        4         
run robot ke-2
run robot ke-1
4 3 5 6 2 7 1 8 9 
7 2 1 9 8 4 3 5 6 
6 9 8 5 3 1 2 7   
  6   4   8   3   
  1   2   3     8 
3     1   6     5 
8     7   9     3 
1       6       7 
        4         
run robot ke-2
run robot ke-1
4 3 5 6 2 7 1 8 9 
7 2 1 9 8 4 3 5 6 
6 9 8 5 3 1 2 7 4 
  6   4   8   3   
  1   2   3     8 
3     1   6     5 
8     7   9     3 
1       6       7 
        4         
run robot ke-2
run robot ke-1
4 3 5 6 2 7 1 8 9 
7 2 1 9 8 4 3 5 6 
6 9 8 5 3 1 2 7 4 
2 6   4   8   3   
  1   2   3     8 
3     1   6     5 
8     7   9     3 
1       6       7 
        4         
run robot ke-2
run robot ke-1
4 3 5 6 2 7 1 8 9 
7 2 1 9 8 4 3 5 6 
6 9 8 5 3 1 2 7 4 
2 6 7 4   8   3   
  1   2   3     8 
3     1   6     5 
8     7   9     3 
1       6       7 
        4         
run robot ke-2
run robot ke-1
4 3 5 6 2 7 1 8 9 
7 2 1 9 8 4 3 5 6 
6 9 8 5 3 1 2 7 4 
2 6 7 4 5 8   3   
  1   2   3     8 
3     1   6     5 
8     7   9     3 
1       6       7 
        4         
run robot ke-2
run robot ke-1
4 3 5 6 2 7 1 8 9 
7 2 1 9 8 4 3 5 6 
6 9 8 5 3 1 2 7 4 
2 6 7 4 5 8 9 3   
  1   2   3     8 
3     1   6     5 
8     7   9     3 
1       6       7 
        4         
run robot ke-2
run robot ke-1
4 3 5 6 2 7 1 8 9 
7 2 1 9 8 4 3 5 6 
6 9 8 5 3 1 2 7 4 
2 6 7 4 5 8 9 3 1 
  1   2   3     8 
3     1   6     5 
8     7   9     3 
1       6       7 
        4         
run robot ke-2
run robot ke-1
4 3 5 6 2 7 1 8 9 
7 2 1 9 8 4 3 5 6 
6 9 8 5 3 1 2 7 4 
2 6 7 4 5 8 9 3 1 
5 1   2   3     8 
3     1   6     5 
8     7   9     3 
1       6       7 
        4         
run robot ke-2
run robot ke-1
4 3 5 6 2 7 1 8 9 
7 2 1 9 8 4 3 5 6 
6 9 8 5 3 1 2 7 4 
2 6 7 4 5 8 9 3 1 
5 1 4 2   3     8 
3     1   6     5 
8     7   9     3 
1       6       7 
        4         
run robot ke-2
run robot ke-1
4 3 5 6 2 7 1 8 9 
7 2 1 9 8 4 3 5 6 
6 9 8 5 3 1 2 7 4 
2 6 7 4 5 8 9 3 1 
5 1 4 2 7 3     8 
3     1   6     5 
8     7   9     3 
1       6       7 
        4         
run robot ke-2
run robot ke-1
4 3 5 6 2 7 1 8 9 
7 2 1 9 8 4 3 5 6 
6 9 8 5 3 1 2 7 4 
2 6 7 4 5 8 9 3 1 
5 1 4 2 7 3 6   8 
3     1   6     5 
8     7   9     3 
1       6       7 
        4         
run robot ke-2
run robot ke-1
run robot ke-2
4 3 5 6 2 7 1 8 9 
7 2 1 9 8 4 3 5 6 
6 9 8 5 3 1 2 7 4 
2 6 7 4 5 8 9 3 1 
5 1 4 2 7 3     8 
3     1   6     5 
8     7   9     3 
1       6       7 
        4         
run robot ke-1
run robot ke-2
4 3 5 6 2 7 1 8 9 
7 2 1 9 8 4 3 5 6 
6 9 8 5 3 1 2 7 4 
2 6 7 4 5 8 9 3 1 
5 1 4 2   3     8 
3     1   6     5 
8     7   9     3 
1       6       7 
        4         
run robot ke-1
4 3 5 6 2 7 1 8 9 
7 2 1 9 8 4 3 5 6 
6 9 8 5 3 1 2 7 4 
2 6 7 4 5 8 9 3 1 
5 1 4 2 9 3     8 
3     1   6     5 
8     7   9     3 
1       6       7 
        4         
run robot ke-2
run robot ke-1
4 3 5 6 2 7 1 8 9 
7 2 1 9 8 4 3 5 6 
6 9 8 5 3 1 2 7 4 
2 6 7 4 5 8 9 3 1 
5 1 4 2 9 3 6   8 
3     1   6     5 
8     7   9     3 
1       6       7 
        4         
run robot ke-2
run robot ke-1
run robot ke-2
4 3 5 6 2 7 1 8 9 
7 2 1 9 8 4 3 5 6 
6 9 8 5 3 1 2 7 4 
2 6 7 4 5 8 9 3 1 
5 1 4 2 9 3     8 
3     1   6     5 
8     7   9     3 
1       6       7 
        4         
run robot ke-1
4 3 5 6 2 7 1 8 9 
7 2 1 9 8 4 3 5 6 
6 9 8 5 3 1 2 7 4 
2 6 7 4 5 8 9 3 1 
5 1 4 2 9 3 7   8 
3     1   6     5 
8     7   9     3 
1       6       7 
        4         
run robot ke-2
run robot ke-1
4 3 5 6 2 7 1 8 9 
7 2 1 9 8 4 3 5 6 
6 9 8 5 3 1 2 7 4 
2 6 7 4 5 8 9 3 1 
5 1 4 2 9 3 7 6 8 
3     1   6     5 
8     7   9     3 
1       6       7 
        4         
run robot ke-2
run robot ke-1
4 3 5 6 2 7 1 8 9 
7 2 1 9 8 4 3 5 6 
6 9 8 5 3 1 2 7 4 
2 6 7 4 5 8 9 3 1 
5 1 4 2 9 3 7 6 8 
3 8   1   6     5 
8     7   9     3 
1       6       7 
        4         
run robot ke-2
run robot ke-1
4 3 5 6 2 7 1 8 9 
7 2 1 9 8 4 3 5 6 
6 9 8 5 3 1 2 7 4 
2 6 7 4 5 8 9 3 1 
5 1 4 2 9 3 7 6 8 
3 8 9 1   6     5 
8     7   9     3 
1       6       7 
        4         
run robot ke-2
run robot ke-1
4 3 5 6 2 7 1 8 9 
7 2 1 9 8 4 3 5 6 
6 9 8 5 3 1 2 7 4 
2 6 7 4 5 8 9 3 1 
5 1 4 2 9 3 7 6 8 
3 8 9 1 7 6     5 
8     7   9     3 
1       6       7 
        4         
run robot ke-2
run robot ke-1
4 3 5 6 2 7 1 8 9 
7 2 1 9 8 4 3 5 6 
6 9 8 5 3 1 2 7 4 
2 6 7 4 5 8 9 3 1 
5 1 4 2 9 3 7 6 8 
3 8 9 1 7 6 4   5 
8     7   9     3 
1       6       7 
        4         
run robot ke-2
run robot ke-1
4 3 5 6 2 7 1 8 9 
7 2 1 9 8 4 3 5 6 
6 9 8 5 3 1 2 7 4 
2 6 7 4 5 8 9 3 1 
5 1 4 2 9 3 7 6 8 
3 8 9 1 7 6 4 2 5 
8     7   9     3 
1       6       7 
        4         
run robot ke-2
run robot ke-1
4 3 5 6 2 7 1 8 9 
7 2 1 9 8 4 3 5 6 
6 9 8 5 3 1 2 7 4 
2 6 7 4 5 8 9 3 1 
5 1 4 2 9 3 7 6 8 
3 8 9 1 7 6 4 2 5 
8 4   7   9     3 
1       6       7 
        4         
run robot ke-2
run robot ke-1
4 3 5 6 2 7 1 8 9 
7 2 1 9 8 4 3 5 6 
6 9 8 5 3 1 2 7 4 
2 6 7 4 5 8 9 3 1 
5 1 4 2 9 3 7 6 8 
3 8 9 1 7 6 4 2 5 
8 4 2 7   9     3 
1       6       7 
        4         
run robot ke-2
run robot ke-1
4 3 5 6 2 7 1 8 9 
7 2 1 9 8 4 3 5 6 
6 9 8 5 3 1 2 7 4 
2 6 7 4 5 8 9 3 1 
5 1 4 2 9 3 7 6 8 
3 8 9 1 7 6 4 2 5 
8 4 2 7 1 9     3 
1       6       7 
        4         
run robot ke-2
run robot ke-1
4 3 5 6 2 7 1 8 9 
7 2 1 9 8 4 3 5 6 
6 9 8 5 3 1 2 7 4 
2 6 7 4 5 8 9 3 1 
5 1 4 2 9 3 7 6 8 
3 8 9 1 7 6 4 2 5 
8 4 2 7 1 9 5   3 
1       6       7 
        4         
run robot ke-2
run robot ke-1
run robot ke-2
4 3 5 6 2 7 1 8 9 
7 2 1 9 8 4 3 5 6 
6 9 8 5 3 1 2 7 4 
2 6 7 4 5 8 9 3 1 
5 1 4 2 9 3 7 6 8 
3 8 9 1 7 6 4 2 5 
8 4 2 7 1 9     3 
1       6       7 
        4         
run robot ke-1
4 3 5 6 2 7 1 8 9 
7 2 1 9 8 4 3 5 6 
6 9 8 5 3 1 2 7 4 
2 6 7 4 5 8 9 3 1 
5 1 4 2 9 3 7 6 8 
3 8 9 1 7 6 4 2 5 
8 4 2 7 1 9 6   3 
1       6       7 
        4         
run robot ke-2
run robot ke-1
run robot ke-2
4 3 5 6 2 7 1 8 9 
7 2 1 9 8 4 3 5 6 
6 9 8 5 3 1 2 7 4 
2 6 7 4 5 8 9 3 1 
5 1 4 2 9 3 7 6 8 
3 8 9 1 7 6 4 2 5 
8 4 2 7 1 9     3 
1       6       7 
        4         
run robot ke-1
run robot ke-2
4 3 5 6 2 7 1 8 9 
7 2 1 9 8 4 3 5 6 
6 9 8 5 3 1 2 7 4 
2 6 7 4 5 8 9 3 1 
5 1 4 2 9 3 7 6 8 
3 8 9 1 7 6 4 2 5 
8 4 2 7   9     3 
1       6       7 
        4         
run robot ke-1
run robot ke-2
4 3 5 6 2 7 1 8 9 
7 2 1 9 8 4 3 5 6 
6 9 8 5 3 1 2 7 4 
2 6 7 4 5 8 9 3 1 
5 1 4 2 9 3 7 6 8 
3 8 9 1 7 6 4 2 5 
8 4   7   9     3 
1       6       7 
        4         
run robot ke-1
4 3 5 6 2 7 1 8 9 
7 2 1 9 8 4 3 5 6 
6 9 8 5 3 1 2 7 4 
2 6 7 4 5 8 9 3 1 
5 1 4 2 9 3 7 6 8 
3 8 9 1 7 6 4 2 5 
8 4 6 7   9     3 
1       6       7 
        4         
run robot ke-2
run robot ke-1
4 3 5 6 2 7 1 8 9 
7 2 1 9 8 4 3 5 6 
6 9 8 5 3 1 2 7 4 
2 6 7 4 5 8 9 3 1 
5 1 4 2 9 3 7 6 8 
3 8 9 1 7 6 4 2 5 
8 4 6 7 1 9     3 
1       6       7 
        4         
run robot ke-2
run robot ke-1
4 3 5 6 2 7 1 8 9 
7 2 1 9 8 4 3 5 6 
6 9 8 5 3 1 2 7 4 
2 6 7 4 5 8 9 3 1 
5 1 4 2 9 3 7 6 8 
3 8 9 1 7 6 4 2 5 
8 4 6 7 1 9 5   3 
1       6       7 
        4         
run robot ke-2
run robot ke-1
run robot ke-2
4 3 5 6 2 7 1 8 9 
7 2 1 9 8 4 3 5 6 
6 9 8 5 3 1 2 7 4 
2 6 7 4 5 8 9 3 1 
5 1 4 2 9 3 7 6 8 
3 8 9 1 7 6 4 2 5 
8 4 6 7 1 9     3 
1       6       7 
        4         
run robot ke-1
run robot ke-2
4 3 5 6 2 7 1 8 9 
7 2 1 9 8 4 3 5 6 
6 9 8 5 3 1 2 7 4 
2 6 7 4 5 8 9 3 1 
5 1 4 2 9 3 7 6 8 
3 8 9 1 7 6 4 2 5 
8 4 6 7   9     3 
1       6       7 
        4         
run robot ke-1
run robot ke-2
4 3 5 6 2 7 1 8 9 
7 2 1 9 8 4 3 5 6 
6 9 8 5 3 1 2 7 4 
2 6 7 4 5 8 9 3 1 
5 1 4 2 9 3 7 6 8 
3 8 9 1 7 6 4 2 5 
8 4   7   9     3 
1       6       7 
        4         
run robot ke-1
run robot ke-2
4 3 5 6 2 7 1 8 9 
7 2 1 9 8 4 3 5 6 
6 9 8 5 3 1 2 7 4 
2 6 7 4 5 8 9 3 1 
5 1 4 2 9 3 7 6 8 
3 8 9 1 7 6 4 2 5 
8     7   9     3 
1       6       7 
        4         
run robot ke-1
4 3 5 6 2 7 1 8 9 
7 2 1 9 8 4 3 5 6 
6 9 8 5 3 1 2 7 4 
2 6 7 4 5 8 9 3 1 
5 1 4 2 9 3 7 6 8 
3 8 9 1 7 6 4 2 5 
8 5   7   9     3 
1       6       7 
        4         
run robot ke-2
run robot ke-1
4 3 5 6 2 7 1 8 9 
7 2 1 9 8 4 3 5 6 
6 9 8 5 3 1 2 7 4 
2 6 7 4 5 8 9 3 1 
5 1 4 2 9 3 7 6 8 
3 8 9 1 7 6 4 2 5 
8 5 2 7   9     3 
1       6       7 
        4         
run robot ke-2
run robot ke-1
4 3 5 6 2 7 1 8 9 
7 2 1 9 8 4 3 5 6 
6 9 8 5 3 1 2 7 4 
2 6 7 4 5 8 9 3 1 
5 1 4 2 9 3 7 6 8 
3 8 9 1 7 6 4 2 5 
8 5 2 7 1 9     3 
1       6       7 
        4         
run robot ke-2
run robot ke-1
4 3 5 6 2 7 1 8 9 
7 2 1 9 8 4 3 5 6 
6 9 8 5 3 1 2 7 4 
2 6 7 4 5 8 9 3 1 
5 1 4 2 9 3 7 6 8 
3 8 9 1 7 6 4 2 5 
8 5 2 7 1 9 6   3 
1       6       7 
        4         
run robot ke-2
run robot ke-1
4 3 5 6 2 7 1 8 9 
7 2 1 9 8 4 3 5 6 
6 9 8 5 3 1 2 7 4 
2 6 7 4 5 8 9 3 1 
5 1 4 2 9 3 7 6 8 
3 8 9 1 7 6 4 2 5 
8 5 2 7 1 9 6 4 3 
1       6       7 
        4         
run robot ke-2
run robot ke-1
4 3 5 6 2 7 1 8 9 
7 2 1 9 8 4 3 5 6 
6 9 8 5 3 1 2 7 4 
2 6 7 4 5 8 9 3 1 
5 1 4 2 9 3 7 6 8 
3 8 9 1 7 6 4 2 5 
8 5 2 7 1 9 6 4 3 
1 4     6       7 
        4         
run robot ke-2
run robot ke-1
4 3 5 6 2 7 1 8 9 
7 2 1 9 8 4 3 5 6 
6 9 8 5 3 1 2 7 4 
2 6 7 4 5 8 9 3 1 
5 1 4 2 9 3 7 6 8 
3 8 9 1 7 6 4 2 5 
8 5 2 7 1 9 6 4 3 
1 4 3   6       7 
        4         
run robot ke-2
run robot ke-1
4 3 5 6 2 7 1 8 9 
7 2 1 9 8 4 3 5 6 
6 9 8 5 3 1 2 7 4 
2 6 7 4 5 8 9 3 1 
5 1 4 2 9 3 7 6 8 
3 8 9 1 7 6 4 2 5 
8 5 2 7 1 9 6 4 3 
1 4 3 8 6       7 
        4         
run robot ke-2
run robot ke-1
4 3 5 6 2 7 1 8 9 
7 2 1 9 8 4 3 5 6 
6 9 8 5 3 1 2 7 4 
2 6 7 4 5 8 9 3 1 
5 1 4 2 9 3 7 6 8 
3 8 9 1 7 6 4 2 5 
8 5 2 7 1 9 6 4 3 
1 4 3 8 6 2     7 
        4         
run robot ke-2
run robot ke-1
4 3 5 6 2 7 1 8 9 
7 2 1 9 8 4 3 5 6 
6 9 8 5 3 1 2 7 4 
2 6 7 4 5 8 9 3 1 
5 1 4 2 9 3 7 6 8 
3 8 9 1 7 6 4 2 5 
8 5 2 7 1 9 6 4 3 
1 4 3 8 6 2 5   7 
        4         
run robot ke-2
run robot ke-1
4 3 5 6 2 7 1 8 9 
7 2 1 9 8 4 3 5 6 
6 9 8 5 3 1 2 7 4 
2 6 7 4 5 8 9 3 1 
5 1 4 2 9 3 7 6 8 
3 8 9 1 7 6 4 2 5 
8 5 2 7 1 9 6 4 3 
1 4 3 8 6 2 5 9 7 
        4         
run robot ke-2
run robot ke-1
4 3 5 6 2 7 1 8 9 
7 2 1 9 8 4 3 5 6 
6 9 8 5 3 1 2 7 4 
2 6 7 4 5 8 9 3 1 
5 1 4 2 9 3 7 6 8 
3 8 9 1 7 6 4 2 5 
8 5 2 7 1 9 6 4 3 
1 4 3 8 6 2 5 9 7 
9       4         
run robot ke-2
run robot ke-1
4 3 5 6 2 7 1 8 9 
7 2 1 9 8 4 3 5 6 
6 9 8 5 3 1 2 7 4 
2 6 7 4 5 8 9 3 1 
5 1 4 2 9 3 7 6 8 
3 8 9 1 7 6 4 2 5 
8 5 2 7 1 9 6 4 3 
1 4 3 8 6 2 5 9 7 
9 7     4         
run robot ke-2
run robot ke-1
4 3 5 6 2 7 1 8 9 
7 2 1 9 8 4 3 5 6 
6 9 8 5 3 1 2 7 4 
2 6 7 4 5 8 9 3 1 
5 1 4 2 9 3 7 6 8 
3 8 9 1 7 6 4 2 5 
8 5 2 7 1 9 6 4 3 
1 4 3 8 6 2 5 9 7 
9 7 6   4         
run robot ke-2
run robot ke-1
4 3 5 6 2 7 1 8 9 
7 2 1 9 8 4 3 5 6 
6 9 8 5 3 1 2 7 4 
2 6 7 4 5 8 9 3 1 
5 1 4 2 9 3 7 6 8 
3 8 9 1 7 6 4 2 5 
8 5 2 7 1 9 6 4 3 
1 4 3 8 6 2 5 9 7 
9 7 6 3 4         
run robot ke-2
run robot ke-1
4 3 5 6 2 7 1 8 9 
7 2 1 9 8 4 3 5 6 
6 9 8 5 3 1 2 7 4 
2 6 7 4 5 8 9 3 1 
5 1 4 2 9 3 7 6 8 
3 8 9 1 7 6 4 2 5 
8 5 2 7 1 9 6 4 3 
1 4 3 8 6 2 5 9 7 
9 7 6 3 4 5       
run robot ke-2
run robot ke-1
4 3 5 6 2 7 1 8 9 
7 2 1 9 8 4 3 5 6 
6 9 8 5 3 1 2 7 4 
2 6 7 4 5 8 9 3 1 
5 1 4 2 9 3 7 6 8 
3 8 9 1 7 6 4 2 5 
8 5 2 7 1 9 6 4 3 
1 4 3 8 6 2 5 9 7 
9 7 6 3 4 5 8     
run robot ke-2
run robot ke-1
4 3 5 6 2 7 1 8 9 
7 2 1 9 8 4 3 5 6 
6 9 8 5 3 1 2 7 4 
2 6 7 4 5 8 9 3 1 
5 1 4 2 9 3 7 6 8 
3 8 9 1 7 6 4 2 5 
8 5 2 7 1 9 6 4 3 
1 4 3 8 6 2 5 9 7 
9 7 6 3 4 5 8 1   
run robot ke-2
run robot ke-1
4 3 5 6 2 7 1 8 9 
7 2 1 9 8 4 3 5 6 
6 9 8 5 3 1 2 7 4 
2 6 7 4 5 8 9 3 1 
5 1 4 2 9 3 7 6 8 
3 8 9 1 7 6 4 2 5 
8 5 2 7 1 9 6 4 3 
1 4 3 8 6 2 5 9 7 
9 7 6 3 4 5 8 1 2 
run robot ke-2
run robot ke-1
run robot ke-2
Thread 1 interrupted.
Thread 2 interrupted.
ada solusi
BUILD SUCCESSFUL (total time: 2 minutes 20 seconds)
